[gd_scene load_steps=17 format=2]

[ext_resource path="res://characters/Hitbox.tscn" type="PackedScene" id=1]
[ext_resource path="res://characters/enemies/raw_assets/MeleeMonster/birdmonster.glb" type="PackedScene" id=2]
[ext_resource path="res://characters/enemies/Monster.gd" type="Script" id=3]
[ext_resource path="res://characters/HealthManager.tscn" type="PackedScene" id=4]
[ext_resource path="res://characters/CharacterMover.tscn" type="PackedScene" id=5]
[ext_resource path="res://characters/enemies/AimAtObject.gd" type="Script" id=6]
[ext_resource path="res://weapons/DamageArea.tscn" type="PackedScene" id=7]

[sub_resource type="CapsuleShape" id=1]
radius = 0.5

[sub_resource type="CapsuleShape" id=2]
radius = 0.0780054
height = 0.274038

[sub_resource type="CapsuleShape" id=3]
radius = 0.0438619
height = 0.274038

[sub_resource type="CapsuleShape" id=4]
radius = 0.0922076
height = 0.274038

[sub_resource type="CapsuleShape" id=5]
radius = 0.0565971
height = 0.351227

[sub_resource type="BoxShape" id=6]
extents = Vector3( 0.167986, 0.138192, 0.102863 )

[sub_resource type="BoxShape" id=7]
extents = Vector3( 0.153493, 0.215054, 0.238648 )

[sub_resource type="BoxShape" id=9]
extents = Vector3( 0.146055, 0.122892, 0.0684408 )

[sub_resource type="BoxShape" id=8]
extents = Vector3( 0.0834401, 0.0747572, 0.0699784 )

[node name="MeleeMonster" type="KinematicBody"]
collision_layer = 2
collision_mask = 3
script = ExtResource( 3 )

[node name="CollisionShape" type="CollisionShape" parent="."]
transform = Transform( 1, 0, 0, 0, -4.37114e-08, -1, 0, 1, -4.37114e-08, 0, 1, 0 )
shape = SubResource( 1 )

[node name="Graphics" parent="." instance=ExtResource( 2 )]

[node name="Skeleton" parent="Graphics/Armature" index="0"]
bones/0/bound_children = [ NodePath("Hip") ]
bones/1/bound_children = [ NodePath("Body") ]
bones/3/bound_children = [ NodePath("ArmLL") ]
bones/4/bound_children = [ NodePath("ArmUR") ]
bones/5/bound_children = [ NodePath("ArmLR") ]
bones/6/bound_children = [ NodePath("LegUL") ]
bones/7/bound_children = [ NodePath("LegLL") ]
bones/8/bound_children = [ NodePath("LegUR") ]
bones/9/bound_children = [ NodePath("LegLR") ]

[node name="ArmUL" type="BoneAttachment" parent="Graphics/Armature/Skeleton" index="1"]
transform = Transform( -0.762323, 0.647196, 8.20133e-07, -0.52914, -0.623267, 0.575803, 0.372658, 0.438947, 0.817589, 0.176714, 1.48577, -0.135291 )

[node name="Hitbox" parent="Graphics/Armature/Skeleton/ArmUL" instance=ExtResource( 1 )]
half_spot = true

[node name="CollisionShape" type="CollisionShape" parent="Graphics/Armature/Skeleton/ArmUL/Hitbox"]
transform = Transform( 1, 0, 1.2517e-06, 1.49012e-08, -2.98023e-08, -0.999999, 0, 1, -2.98023e-08, 5.96046e-08, 0.198357, 0.0211103 )
shape = SubResource( 2 )

[node name="ArmUR" type="BoneAttachment" parent="Graphics/Armature/Skeleton" index="2"]
transform = Transform( -0.849701, -0.443804, -0.284688, 0.235847, -0.802818, 0.547595, -0.471577, 0.398149, 0.786824, -0.11405, 1.49876, 0.16542 )
bone_name = "upper_arm.r"

[node name="Hitbox" parent="Graphics/Armature/Skeleton/ArmUR" instance=ExtResource( 1 )]
half_spot = true

[node name="CollisionShape" type="CollisionShape" parent="Graphics/Armature/Skeleton/ArmUR/Hitbox"]
transform = Transform( 1, 0, 1.2517e-06, 1.49012e-08, -2.98023e-08, -0.999999, 0, 1, -2.98023e-08, 5.96046e-08, 0.198357, 0.0211103 )
shape = SubResource( 2 )

[node name="ArmLL" type="BoneAttachment" parent="Graphics/Armature/Skeleton" index="3"]
transform = Transform( -0.972884, 0.230485, -0.0193163, -0.230879, -0.962749, 0.140745, 0.0138429, 0.141388, 0.989858, 0.477033, 1.08765, 0.106966 )
bone_name = "lower_arm.l"

[node name="Hitbox" parent="Graphics/Armature/Skeleton/ArmLL" instance=ExtResource( 1 )]
quarter_spot = true

[node name="CollisionShape" type="CollisionShape" parent="Graphics/Armature/Skeleton/ArmLL/Hitbox"]
transform = Transform( 1, -5.58794e-09, 1.27777e-06, 1.49012e-08, 5.36442e-07, -0.999998, 0, 0.999999, 1.19209e-07, -0.000848681, 0.162063, 0.00975358 )
shape = SubResource( 3 )

[node name="ArmLR" type="BoneAttachment" parent="Graphics/Armature/Skeleton" index="4"]
transform = Transform( -0.953968, 0.121887, -0.274025, -0.260468, -0.789645, 0.555534, -0.14867, 0.601336, 0.785043, -0.305765, 1.15196, 0.337412 )
bone_name = "lower_arm.r"

[node name="Hitbox" parent="Graphics/Armature/Skeleton/ArmLR" instance=ExtResource( 1 )]
quarter_spot = true

[node name="CollisionShape" type="CollisionShape" parent="Graphics/Armature/Skeleton/ArmLR/Hitbox"]
transform = Transform( 1, -5.58794e-09, 1.27777e-06, 1.49012e-08, 5.36442e-07, -0.999998, 0, 0.999999, 1.19209e-07, -0.000848681, 0.162063, 0.00975358 )
shape = SubResource( 3 )

[node name="LegUL" type="BoneAttachment" parent="Graphics/Armature/Skeleton" index="5"]
transform = Transform( -0.782991, 0.148378, 0.604052, 0.0548879, -0.950859, 0.304719, 0.619566, 0.271754, 0.736389, 0.131876, 0.936301, 1.37659e-07 )
bone_name = "upperleg.l"

[node name="Hitbox" parent="Graphics/Armature/Skeleton/LegUL" instance=ExtResource( 1 )]
half_spot = true

[node name="CollisionShape" type="CollisionShape" parent="Graphics/Armature/Skeleton/LegUL/Hitbox"]
transform = Transform( 1, 0, 1.2517e-06, 0, 9.53674e-07, -0.999998, 2.98023e-08, 1, 1.93715e-07, 0.038361, 0.240726, -0.00509426 )
shape = SubResource( 4 )

[node name="LegUR" type="BoneAttachment" parent="Graphics/Armature/Skeleton" index="6"]
transform = Transform( -0.782991, -0.148378, -0.604051, -0.0548878, -0.950859, 0.304719, -0.619566, 0.271754, 0.736389, -0.131876, 0.936301, 1.37659e-07 )
bone_name = "upperleg.r"

[node name="Hitbox" parent="Graphics/Armature/Skeleton/LegUR" instance=ExtResource( 1 )]
half_spot = true

[node name="CollisionShape" type="CollisionShape" parent="Graphics/Armature/Skeleton/LegUR/Hitbox"]
transform = Transform( 1, 2.98023e-08, 1.2666e-06, 0, 9.53674e-07, -0.999998, 1.78814e-07, 0.999999, 1.49012e-07, -0.0378044, 0.240725, -0.00509408 )
shape = SubResource( 4 )

[node name="LegLL" type="BoneAttachment" parent="Graphics/Armature/Skeleton" index="7"]
transform = Transform( -0.786337, -0.178847, 0.591318, 0.0264708, -0.966053, -0.256983, 0.61719, -0.186426, 0.764397, 0.193831, 0.539271, 0.113471 )
bone_name = "lowerleg.l"

[node name="Hitbox" parent="Graphics/Armature/Skeleton/LegLL" instance=ExtResource( 1 )]
quarter_spot = true

[node name="CollisionShape" type="CollisionShape" parent="Graphics/Armature/Skeleton/LegLL/Hitbox"]
transform = Transform( 1, 3.8743e-07, 1.57207e-06, 4.47035e-08, 8.79169e-07, -0.999999, 2.08616e-07, 1, -2.98023e-08, 0.0103394, 0.247587, -0.00509413 )
shape = SubResource( 5 )

[node name="LegLR" type="BoneAttachment" parent="Graphics/Armature/Skeleton" index="8"]
transform = Transform( -0.786337, 0.178847, -0.591318, -0.0264707, -0.966053, -0.256983, -0.617189, -0.186426, 0.764397, -0.193831, 0.539271, 0.113471 )
bone_name = "lowerleg.r"

[node name="Hitbox" parent="Graphics/Armature/Skeleton/LegLR" instance=ExtResource( 1 )]
quarter_spot = true

[node name="CollisionShape" type="CollisionShape" parent="Graphics/Armature/Skeleton/LegLR/Hitbox"]
transform = Transform( 1, 3.8743e-07, 1.57207e-06, 4.47035e-08, 8.79169e-07, -0.999999, 2.08616e-07, 1, -2.98023e-08, 0.0103394, 0.247587, -0.00509413 )
shape = SubResource( 5 )

[node name="Hip" type="BoneAttachment" parent="Graphics/Armature/Skeleton" index="9"]
transform = Transform( 1, 0, 0, 0, 1, 0, 0, 0, 1, 0, 0.915201, 0 )
bone_name = "hip"

[node name="Hitbox" parent="Graphics/Armature/Skeleton/Hip" instance=ExtResource( 1 )]
half_spot = true

[node name="CollisionShape" type="CollisionShape" parent="Graphics/Armature/Skeleton/Hip/Hitbox"]
transform = Transform( 1, -2.3801e-07, 6.34367e-08, 6.03622e-08, -0.0128953, -0.999917, 2.38808e-07, 0.999917, -0.0128953, -0.00150663, 0.13361, 0.000416145 )
shape = SubResource( 6 )

[node name="Body" type="BoneAttachment" parent="Graphics/Armature/Skeleton" index="10"]
transform = Transform( 0.986326, 0.162169, -0.0293755, -0.159121, 0.890622, -0.425997, -0.042921, 0.424846, 0.904248, 0, 1.13977, 0 )
bone_name = "body"

[node name="Hitbox" parent="Graphics/Armature/Skeleton/Body" instance=ExtResource( 1 )]

[node name="CollisionShape" type="CollisionShape" parent="Graphics/Armature/Skeleton/Body/Hitbox"]
transform = Transform( 1, -2.06581e-07, 1.54218e-07, 5.9798e-08, -0.396025, -0.918241, 2.50764e-07, 0.918243, -0.396025, -0.00150664, 0.255822, 0.0303199 )
shape = SubResource( 7 )

[node name="Hitbox2" parent="Graphics/Armature/Skeleton/Body" instance=ExtResource( 1 )]
transform = Transform( 1, 0, -1.42109e-14, 0, 1, 0, 0, 0, 1, 0, 0, 0 )
double_spot = true

[node name="CollisionShape" type="CollisionShape" parent="Graphics/Armature/Skeleton/Body/Hitbox2"]
transform = Transform( 1, -2.06581e-07, 1.54218e-07, 5.9798e-08, -0.396025, -0.918241, 2.50764e-07, 0.918243, -0.396025, -0.00150667, 0.564943, 0.0822789 )
shape = SubResource( 9 )

[node name="Hitbox3" parent="Graphics/Armature/Skeleton/Body" instance=ExtResource( 1 )]
transform = Transform( 1, 0, -1.42109e-14, 0, 1, 0, 0, 0, 1, 0, 0, 0 )
quadruple_spot = true

[node name="CollisionShape" type="CollisionShape" parent="Graphics/Armature/Skeleton/Body/Hitbox3"]
transform = Transform( 1, -2.06581e-07, 1.54218e-07, 5.9798e-08, -0.396025, -0.918241, 2.50764e-07, 0.918243, -0.396025, -0.00150671, 0.489719, 0.266194 )
shape = SubResource( 8 )

[node name="HealthManager" parent="." instance=ExtResource( 4 )]
max_health = 80

[node name="CharacterMover" parent="." instance=ExtResource( 5 )]
ignore_rotation = true

[node name="AimAtObject" type="Spatial" parent="."]
transform = Transform( 1, 0, 0, 0, 1, 0, 0, 0, 1, -0.016, 1.108, 0 )
script = ExtResource( 6 )

[node name="DamageArea" parent="AimAtObject" instance=ExtResource( 7 )]
transform = Transform( 0.843387, 0, 0, 0, 2.03835, 0, 0, 0, 0.788949, 0.0205773, -0.0966107, 1.36998 )

[editable path="Graphics"]
