[gd_scene load_steps=17 format=2]

[ext_resource path="res://characters/Hitbox.tscn" type="PackedScene" id=1]
[ext_resource path="res://characters/enemies/raw_assets/MeleeMonster/birdmonster.glb" type="PackedScene" id=2]
[ext_resource path="res://characters/enemies/Monster.gd" type="Script" id=3]
[ext_resource path="res://characters/HealthManager.tscn" type="PackedScene" id=4]
[ext_resource path="res://characters/CharacterMover.tscn" type="PackedScene" id=5]
[ext_resource path="res://characters/enemies/AimAtObject.gd" type="Script" id=6]
[ext_resource path="res://weapons/DamageArea.tscn" type="PackedScene" id=7]

[sub_resource type="CapsuleShape" id=1]
radius = 0.5

[sub_resource type="CapsuleShape" id=2]
radius = 0.0780054
height = 0.274038

[sub_resource type="CapsuleShape" id=3]
radius = 0.0438619
height = 0.274038

[sub_resource type="CapsuleShape" id=4]
radius = 0.0922076
height = 0.274038

[sub_resource type="CapsuleShape" id=5]
radius = 0.0565971
height = 0.351227

[sub_resource type="BoxShape" id=6]
extents = Vector3( 0.167986, 0.138192, 0.102863 )

[sub_resource type="BoxShape" id=7]
extents = Vector3( 0.153493, 0.215054, 0.238648 )

[sub_resource type="BoxShape" id=9]
extents = Vector3( 0.146055, 0.122892, 0.0684408 )

[sub_resource type="BoxShape" id=8]
extents = Vector3( 0.0834401, 0.0747572, 0.0699784 )

[node name="MeleeMonster" type="KinematicBody"]
collision_layer = 2
collision_mask = 3
script = ExtResource( 3 )

[node name="CollisionShape" type="CollisionShape" parent="."]
transform = Transform( 1, 0, 0, 0, -4.37114e-08, -1, 0, 1, -4.37114e-08, 0, 1, 0 )
shape = SubResource( 1 )

[node name="Graphics" parent="." instance=ExtResource( 2 )]

[node name="ArmUL" type="BoneAttachment" parent="Graphics/Armature/Skeleton" index="1"]
transform = Transform( -0.762323, 0.647196, 8.20133e-07, -0.52914, -0.623267, 0.575803, 0.372658, 0.438947, 0.817589, 0.176714, 1.48577, -0.135291 )
bone_name = "upper_arml"

[node name="Hitbox" parent="Graphics/Armature/Skeleton/ArmUL" instance=ExtResource( 1 )]
half_spot = true

[node name="CollisionShape" type="CollisionShape" parent="Graphics/Armature/Skeleton/ArmUL/Hitbox"]
transform = Transform( 1, 0, 1.2517e-06, 1.49012e-08, -2.98023e-08, -0.999999, 0, 1, -2.98023e-08, 5.96046e-08, 0.198357, 0.0211103 )
shape = SubResource( 2 )

[node name="ArmUR" type="BoneAttachment" parent="Graphics/Armature/Skeleton" index="2"]
transform = Transform( -0.762323, -0.647196, -8.04094e-07, 0.52914, -0.623267, 0.575803, -0.372658, 0.438947, 0.817589, -0.176714, 1.48577, -0.135291 )
bone_name = "upper_armr"

[node name="Hitbox" parent="Graphics/Armature/Skeleton/ArmUR" instance=ExtResource( 1 )]
half_spot = true

[node name="CollisionShape" type="CollisionShape" parent="Graphics/Armature/Skeleton/ArmUR/Hitbox"]
transform = Transform( 1, 0, 1.2517e-06, 1.49012e-08, -2.98023e-08, -0.999999, 0, 1, -2.98023e-08, 5.96046e-08, 0.198357, 0.0211103 )
shape = SubResource( 2 )

[node name="ArmLL" type="BoneAttachment" parent="Graphics/Armature/Skeleton" index="3"]
transform = Transform( -0.998522, 0.0543442, 6.6465e-07, -0.0332621, -0.611173, 0.790798, 0.0429756, 0.78963, 0.612077, 0.456291, 1.21653, 0.054326 )
bone_name = "lower_arml"

[node name="Hitbox" parent="Graphics/Armature/Skeleton/ArmLL" instance=ExtResource( 1 )]
quarter_spot = true

[node name="CollisionShape" type="CollisionShape" parent="Graphics/Armature/Skeleton/ArmLL/Hitbox"]
transform = Transform( 1, -5.58794e-09, 1.27777e-06, 1.49012e-08, 5.36442e-07, -0.999998, 0, 0.999999, 1.19209e-07, -0.000848681, 0.162063, 0.00975358 )
shape = SubResource( 3 )

[node name="ArmLR" type="BoneAttachment" parent="Graphics/Armature/Skeleton" index="4"]
transform = Transform( -0.998522, -0.0543442, -6.79123e-07, 0.0332622, -0.611173, 0.790798, -0.0429755, 0.78963, 0.612077, -0.456291, 1.21653, 0.0543261 )
bone_name = "lower_armr"

[node name="Hitbox" parent="Graphics/Armature/Skeleton/ArmLR" instance=ExtResource( 1 )]
quarter_spot = true

[node name="CollisionShape" type="CollisionShape" parent="Graphics/Armature/Skeleton/ArmLR/Hitbox"]
transform = Transform( 1, -5.58794e-09, 1.27777e-06, 1.49012e-08, 5.36442e-07, -0.999998, 0, 0.999999, 1.19209e-07, -0.000848681, 0.162063, 0.00975358 )
shape = SubResource( 3 )

[node name="LegUL" type="BoneAttachment" parent="Graphics/Armature/Skeleton" index="5"]
transform = Transform( -0.782999, 0.14838, 0.604046, 0.0548854, -0.95086, 0.304714, 0.619573, 0.271751, 0.736382, 0.131876, 0.936301, 1.36788e-07 )
bone_name = "upperlegl"

[node name="Hitbox" parent="Graphics/Armature/Skeleton/LegUL" instance=ExtResource( 1 )]
half_spot = true

[node name="CollisionShape" type="CollisionShape" parent="Graphics/Armature/Skeleton/LegUL/Hitbox"]
transform = Transform( 1, 0, 1.2517e-06, 0, 9.53674e-07, -0.999998, 2.98023e-08, 1, 1.93715e-07, 0.038361, 0.240726, -0.00509426 )
shape = SubResource( 4 )

[node name="LegUR" type="BoneAttachment" parent="Graphics/Armature/Skeleton" index="6"]
transform = Transform( -0.782998, -0.148381, -0.604045, -0.0548847, -0.950859, 0.304716, -0.619573, 0.271751, 0.736382, -0.131876, 0.936301, 1.36788e-07 )
bone_name = "upperlegr"

[node name="Hitbox" parent="Graphics/Armature/Skeleton/LegUR" instance=ExtResource( 1 )]
half_spot = true

[node name="CollisionShape" type="CollisionShape" parent="Graphics/Armature/Skeleton/LegUR/Hitbox"]
transform = Transform( 1, 2.98023e-08, 1.2666e-06, 0, 9.53674e-07, -0.999998, 1.78814e-07, 0.999999, 1.49012e-07, -0.0378044, 0.240725, -0.00509408 )
shape = SubResource( 4 )

[node name="LegLL" type="BoneAttachment" parent="Graphics/Armature/Skeleton" index="7"]
transform = Transform( -0.786345, -0.178843, 0.591314, 0.0264683, -0.966051, -0.256987, 0.617196, -0.186426, 0.76439, 0.193832, 0.539271, 0.113469 )
bone_name = "lowerlegl"

[node name="Hitbox" parent="Graphics/Armature/Skeleton/LegLL" instance=ExtResource( 1 )]
quarter_spot = true

[node name="CollisionShape" type="CollisionShape" parent="Graphics/Armature/Skeleton/LegLL/Hitbox"]
transform = Transform( 1, 3.8743e-07, 1.57207e-06, 4.47035e-08, 8.79169e-07, -0.999999, 2.08616e-07, 1, -2.98023e-08, 0.0103394, 0.247587, -0.00509413 )
shape = SubResource( 5 )

[node name="LegLR" type="BoneAttachment" parent="Graphics/Armature/Skeleton" index="8"]
transform = Transform( -0.786344, 0.178841, -0.591314, -0.0264676, -0.966051, -0.256985, -0.617197, -0.186425, 0.76439, -0.193832, 0.539271, 0.11347 )
bone_name = "lowerlegr"

[node name="Hitbox" parent="Graphics/Armature/Skeleton/LegLR" instance=ExtResource( 1 )]
quarter_spot = true

[node name="CollisionShape" type="CollisionShape" parent="Graphics/Armature/Skeleton/LegLR/Hitbox"]
transform = Transform( 1, 3.8743e-07, 1.57207e-06, 4.47035e-08, 8.79169e-07, -0.999999, 2.08616e-07, 1, -2.98023e-08, 0.0103394, 0.247587, -0.00509413 )
shape = SubResource( 5 )

[node name="Hip" type="BoneAttachment" parent="Graphics/Armature/Skeleton" index="9"]
transform = Transform( 1, 0, 0, 0, 1, 0, 0, 0, 1, 0, 0.915201, 0 )
bone_name = "hip"

[node name="Hitbox" parent="Graphics/Armature/Skeleton/Hip" instance=ExtResource( 1 )]
half_spot = true

[node name="CollisionShape" type="CollisionShape" parent="Graphics/Armature/Skeleton/Hip/Hitbox"]
transform = Transform( 1, -2.3801e-07, 6.34367e-08, 6.03622e-08, -0.0128953, -0.999917, 2.38808e-07, 0.999917, -0.0128953, -0.00150663, 0.13361, 0.000416145 )
shape = SubResource( 6 )

[node name="Body" type="BoneAttachment" parent="Graphics/Armature/Skeleton" index="10"]
transform = Transform( 1, 0, 2.38418e-07, -8.6824e-08, 0.931334, 0.364166, -2.22047e-07, -0.364166, 0.931334, 0, 1.13977, 0 )
bone_name = "body"

[node name="Hitbox" parent="Graphics/Armature/Skeleton/Body" instance=ExtResource( 1 )]

[node name="CollisionShape" type="CollisionShape" parent="Graphics/Armature/Skeleton/Body/Hitbox"]
transform = Transform( 1, -2.06581e-07, 1.54218e-07, 5.9798e-08, -0.396025, -0.918241, 2.50764e-07, 0.918243, -0.396025, -0.00150664, 0.255822, 0.0303199 )
shape = SubResource( 7 )

[node name="Hitbox2" parent="Graphics/Armature/Skeleton/Body" instance=ExtResource( 1 )]
transform = Transform( 1, 0, -1.42109e-14, 0, 1, 0, 0, 0, 1, 0, 0, 0 )
double_spot = true

[node name="CollisionShape" type="CollisionShape" parent="Graphics/Armature/Skeleton/Body/Hitbox2"]
transform = Transform( 1, -2.06581e-07, 1.54218e-07, 5.9798e-08, -0.396025, -0.918241, 2.50764e-07, 0.918243, -0.396025, -0.00150667, 0.564943, 0.0822789 )
shape = SubResource( 9 )

[node name="Hitbox3" parent="Graphics/Armature/Skeleton/Body" instance=ExtResource( 1 )]
transform = Transform( 1, 0, -1.42109e-14, 0, 1, 0, 0, 0, 1, 0, 0, 0 )
quadruple_spot = true

[node name="CollisionShape" type="CollisionShape" parent="Graphics/Armature/Skeleton/Body/Hitbox3"]
transform = Transform( 1, -2.06581e-07, 1.54218e-07, 5.9798e-08, -0.396025, -0.918241, 2.50764e-07, 0.918243, -0.396025, -0.00150671, 0.489719, 0.266194 )
shape = SubResource( 8 )

[node name="HealthManager" parent="." instance=ExtResource( 4 )]
transform = Transform( 1, 0, 0, 0, 1, 0, 0, 0, 1, 0, 1.14476, 0 )
max_health = 60

[node name="CharacterMover" parent="." instance=ExtResource( 5 )]
ignore_rotation = true

[node name="AimAtObject" type="Spatial" parent="."]
transform = Transform( 1, 0, 0, 0, 1, 0, 0, 0, 1, -0.016, 1.108, 0 )
script = ExtResource( 6 )

[node name="DamageArea" parent="AimAtObject" instance=ExtResource( 7 )]
transform = Transform( 0.843387, 0, 0, 0, 2.03835, 0, 0, 0, 0.902517, 0.0205773, -0.0966107, 1.48163 )

[editable path="Graphics"]
