[gd_scene load_steps=17 format=2]

[ext_resource path="res://characters/Hitbox.tscn" type="PackedScene" id=1]
[ext_resource path="res://characters/enemies/raw_assets/RangedMonster/reptilemonster.glb" type="PackedScene" id=2]
[ext_resource path="res://characters/enemies/Monster.gd" type="Script" id=3]
[ext_resource path="res://characters/HealthManager.tscn" type="PackedScene" id=4]
[ext_resource path="res://characters/CharacterMover.tscn" type="PackedScene" id=5]
[ext_resource path="res://characters/enemies/AimAtObject.gd" type="Script" id=6]
[ext_resource path="res://weapons/FireballSpawner.tscn" type="PackedScene" id=7]

[sub_resource type="CapsuleShape" id=2]
radius = 0.0780054
height = 0.274038

[sub_resource type="CapsuleShape" id=3]
radius = 0.0588901
height = 0.390156

[sub_resource type="CapsuleShape" id=4]
radius = 0.0922076
height = 0.274038

[sub_resource type="CapsuleShape" id=5]
radius = 0.0565971
height = 0.351227

[sub_resource type="BoxShape" id=6]
extents = Vector3( 0.167986, 0.247002, 0.102863 )

[sub_resource type="BoxShape" id=7]
extents = Vector3( 0.153493, 0.240129, 0.238648 )

[sub_resource type="BoxShape" id=9]
extents = Vector3( 0.146055, 0.1354, 0.0684408 )

[sub_resource type="BoxShape" id=8]
extents = Vector3( 0.0834401, 0.29343, 0.0699784 )

[sub_resource type="CapsuleShape" id=1]
radius = 0.5

[node name="RangedMonster" type="KinematicBody"]
collision_layer = 2
collision_mask = 3
script = ExtResource( 3 )
attack_range = 100.0
attack_rate = 0.626

[node name="Graphics" parent="." instance=ExtResource( 2 )]

[node name="Skeleton" parent="Graphics/Armature" index="0"]
bones/0/bound_children = [ NodePath("Hip") ]
bones/1/bound_children = [ NodePath("Body") ]
bones/2/bound_children = [ NodePath("ArmUL") ]
bones/3/bound_children = [ NodePath("ArmLL") ]
bones/4/bound_children = [ NodePath("ArmUR") ]
bones/5/bound_children = [ NodePath("ArmLR") ]
bones/6/bound_children = [ NodePath("LegUL") ]
bones/7/bound_children = [ NodePath("LegLL") ]
bones/8/bound_children = [ NodePath("LegUR") ]
bones/9/bound_children = [ NodePath("LegLR") ]

[node name="ArmUL" type="BoneAttachment" parent="Graphics/Armature/Skeleton" index="1"]
transform = Transform( -0.794582, 0.196512, -0.574476, -0.391239, -0.889262, 0.236948, -0.464297, 0.413032, 0.783475, 0.218738, 1.56265, 0.11293 )
bone_name = "upper_arml"

[node name="Hitbox" parent="Graphics/Armature/Skeleton/ArmUL" instance=ExtResource( 1 )]
half_spot = true

[node name="CollisionShape" type="CollisionShape" parent="Graphics/Armature/Skeleton/ArmUL/Hitbox"]
transform = Transform( 1, 0, 1.2517e-06, 1.49012e-08, -2.98023e-08, -0.999999, 0, 1, -2.98023e-08, 5.96046e-08, 0.198357, 0.0211103 )
shape = SubResource( 2 )

[node name="ArmUR" type="BoneAttachment" parent="Graphics/Armature/Skeleton" index="2"]
transform = Transform( -0.794582, -0.196512, 0.574476, 0.391239, -0.889262, 0.236948, 0.464296, 0.413032, 0.783475, -0.218738, 1.56265, 0.11293 )
bone_name = "upper_armr"

[node name="Hitbox" parent="Graphics/Armature/Skeleton/ArmUR" instance=ExtResource( 1 )]
half_spot = true

[node name="CollisionShape" type="CollisionShape" parent="Graphics/Armature/Skeleton/ArmUR/Hitbox"]
transform = Transform( 1, 0, 1.2517e-06, 1.49012e-08, -2.98023e-08, -0.999999, 0, 1, -2.98023e-08, 5.96046e-08, 0.198357, 0.0211103 )
shape = SubResource( 2 )

[node name="ArmLL" type="BoneAttachment" parent="Graphics/Armature/Skeleton" index="3"]
transform = Transform( -0.821426, -0.414675, -0.39154, -0.244304, -0.364509, 0.898581, -0.515339, 0.833773, 0.19811, 0.284122, 1.26677, 0.250355 )
bone_name = "lower_arml"

[node name="Hitbox" parent="Graphics/Armature/Skeleton/ArmLL" instance=ExtResource( 1 )]
quarter_spot = true

[node name="CollisionShape" type="CollisionShape" parent="Graphics/Armature/Skeleton/ArmLL/Hitbox"]
transform = Transform( 0.999999, 1.49012e-07, 4.47035e-08, -5.06639e-07, 0.062582, -0.998038, -8.04663e-07, 0.998038, 0.0625815, -0.00819159, 0.286474, 0.00245419 )
shape = SubResource( 3 )

[node name="ArmLR" type="BoneAttachment" parent="Graphics/Armature/Skeleton" index="4"]
transform = Transform( -0.821426, 0.414675, 0.39154, 0.244304, -0.364509, 0.898581, 0.515339, 0.833773, 0.19811, -0.284122, 1.26677, 0.250355 )
bone_name = "lower_armr"

[node name="Hitbox" parent="Graphics/Armature/Skeleton/ArmLR" instance=ExtResource( 1 )]
quarter_spot = true

[node name="CollisionShape" type="CollisionShape" parent="Graphics/Armature/Skeleton/ArmLR/Hitbox"]
transform = Transform( 0.998771, 2.98023e-08, -0.0495637, -0.0495638, 8.9407e-07, -0.998769, -2.38419e-07, 0.999999, 5.66244e-07, 0.0183824, 0.268555, 0.00418764 )
shape = SubResource( 3 )

[node name="LegUL" type="BoneAttachment" parent="Graphics/Armature/Skeleton" index="5"]
transform = Transform( -0.974353, 0.104196, 0.199445, -0.055251, -0.969979, 0.236828, 0.218135, 0.219735, 0.950857, 0.123436, 0.961497, 1.56462e-07 )
bone_name = "upper_legl"

[node name="Hitbox" parent="Graphics/Armature/Skeleton/LegUL" instance=ExtResource( 1 )]
half_spot = true

[node name="CollisionShape" type="CollisionShape" parent="Graphics/Armature/Skeleton/LegUL/Hitbox"]
transform = Transform( 1, 0, 1.2517e-06, 0, 9.53674e-07, -0.999998, 2.98023e-08, 1, 1.93715e-07, 0.038361, 0.240726, -0.00509426 )
shape = SubResource( 4 )

[node name="LegUR" type="BoneAttachment" parent="Graphics/Armature/Skeleton" index="6"]
transform = Transform( -0.974353, -0.104196, -0.199445, 0.055251, -0.969979, 0.236828, -0.218135, 0.219735, 0.950857, -0.123436, 0.961497, 1.56462e-07 )
bone_name = "upper_legr"

[node name="Hitbox" parent="Graphics/Armature/Skeleton/LegUR" instance=ExtResource( 1 )]
half_spot = true

[node name="CollisionShape" type="CollisionShape" parent="Graphics/Armature/Skeleton/LegUR/Hitbox"]
transform = Transform( 1, 2.98023e-08, 1.2666e-06, 0, 9.53674e-07, -0.999998, 1.78814e-07, 0.999999, 1.49012e-07, -0.0378044, 0.240725, -0.00509408 )
shape = SubResource( 4 )

[node name="LegLL" type="BoneAttachment" parent="Graphics/Armature/Skeleton" index="7"]
transform = Transform( -0.978013, -0.0485473, 0.202812, 0.0195273, -0.989572, -0.142711, 0.207625, -0.135611, 0.968761, 0.175064, 0.48088, 0.108877 )
bone_name = "lowerlegl"

[node name="Hitbox" parent="Graphics/Armature/Skeleton/LegLL" instance=ExtResource( 1 )]
quarter_spot = true

[node name="CollisionShape" type="CollisionShape" parent="Graphics/Armature/Skeleton/LegLL/Hitbox"]
transform = Transform( 1, 3.8743e-07, 1.57207e-06, 4.47035e-08, 8.79169e-07, -0.999999, 2.08616e-07, 1, -2.98023e-08, 0.0103394, 0.247587, -0.00509413 )
shape = SubResource( 5 )

[node name="LegLR" type="BoneAttachment" parent="Graphics/Armature/Skeleton" index="8"]
transform = Transform( -0.978013, 0.0485473, -0.202812, -0.0195273, -0.989572, -0.14271, -0.207625, -0.135611, 0.968761, -0.175064, 0.48088, 0.108877 )
bone_name = "lowerlegr"

[node name="Hitbox" parent="Graphics/Armature/Skeleton/LegLR" instance=ExtResource( 1 )]
quarter_spot = true

[node name="CollisionShape" type="CollisionShape" parent="Graphics/Armature/Skeleton/LegLR/Hitbox"]
transform = Transform( 1, 3.8743e-07, 1.57207e-06, 4.47035e-08, 8.79169e-07, -0.999999, 2.08616e-07, 1, -2.98023e-08, 0.0103394, 0.247587, -0.00509413 )
shape = SubResource( 5 )

[node name="Hip" type="BoneAttachment" parent="Graphics/Armature/Skeleton" index="9"]
transform = Transform( 1, 0, 0, 0, 0.978673, -0.205425, 0, 0.205425, 0.978673, 2.84689e-18, 0.948998, -0.0952436 )
bone_name = "hip"

[node name="Hitbox" parent="Graphics/Armature/Skeleton/Hip" instance=ExtResource( 1 )]
half_spot = true

[node name="CollisionShape" type="CollisionShape" parent="Graphics/Armature/Skeleton/Hip/Hitbox"]
transform = Transform( 1, -2.45797e-07, 1.6016e-08, 6.03621e-08, 0.1815, -0.983391, 2.38808e-07, 0.983391, 0.1815, -0.00150667, 0.131733, 0.162213 )
shape = SubResource( 6 )

[node name="Body" type="BoneAttachment" parent="Graphics/Armature/Skeleton" index="10"]
transform = Transform( 1, -4.25214e-08, -2.29664e-07, -4.42134e-08, 0.931049, -0.364894, 2.29344e-07, 0.364894, 0.931049, 2.84689e-18, 1.20205, -0.042127 )
bone_name = "body"

[node name="Hitbox" parent="Graphics/Armature/Skeleton/Body" instance=ExtResource( 1 )]

[node name="CollisionShape" type="CollisionShape" parent="Graphics/Armature/Skeleton/Body/Hitbox"]
transform = Transform( 1, -2.56238e-07, 2.82992e-08, 5.97979e-08, 0.123778, -0.992312, 2.50764e-07, 0.992314, 0.123777, -0.00150666, 0.207081, 0.131166 )
shape = SubResource( 7 )

[node name="Hitbox2" parent="Graphics/Armature/Skeleton/Body" instance=ExtResource( 1 )]
transform = Transform( 1, 0, -1.42109e-14, 0, 1, 0, 0, 0, 1, 0, 0, 0 )
double_spot = true

[node name="CollisionShape" type="CollisionShape" parent="Graphics/Armature/Skeleton/Body/Hitbox2"]
transform = Transform( 1, -2.22689e-07, 1.09562e-07, 4.24828e-08, -0.281352, -0.959607, 2.44518e-07, 0.959608, -0.281351, -0.00150666, 0.552342, 0.033031 )
shape = SubResource( 9 )

[node name="Hitbox3" parent="Graphics/Armature/Skeleton/Body" instance=ExtResource( 1 )]
transform = Transform( 1, 0, -1.42109e-14, 0, 1, 0, 0, 0, 1, 0, 0, 0 )
quadruple_spot = true

[node name="CollisionShape" type="CollisionShape" parent="Graphics/Armature/Skeleton/Body/Hitbox3"]
transform = Transform( 1, -2.21842e-07, 1.12409e-07, 4.35867e-08, -0.288663, -0.957434, 2.44846e-07, 0.957435, -0.288662, -0.00150671, 0.636812, 0.23346 )
shape = SubResource( 8 )

[node name="CollisionShape" type="CollisionShape" parent="."]
transform = Transform( 1, 0, 0, 0, -4.37114e-08, -1, 0, 1, -4.37114e-08, 0, 1, 0 )
shape = SubResource( 1 )

[node name="HealthManager" parent="." instance=ExtResource( 4 )]
transform = Transform( 1, 0, 0, 0, 1, 0, 0, 0, 1, 0, 1.14873, 0.0389645 )
max_health = 40

[node name="CharacterMover" parent="." instance=ExtResource( 5 )]
move_accel = 2
max_speed = 6
ignore_rotation = true

[node name="AimAtObject" type="Spatial" parent="."]
transform = Transform( 1, 0, 0, 0, 1, 0, 0, 0, 1, 0, 1.10693, -0.726602 )
script = ExtResource( 6 )

[node name="FireballSpawner" parent="AimAtObject" instance=ExtResource( 7 )]

[editable path="Graphics"]
